  1  00 04 35.65 -47 36 19.1   0.87 0.04 0.97 0.06  0.90 0.04                0.995 0.030            17.63 Q 1.F.11.C  PKS 0002-478
  2  00 10 35.92 -30 27 48.3   0.74 0.03 0.72 0.04  0.63 0.03  0.315 0.009   0.419 0.013 1.19  La01 19.59 Q 1.F.11..  PKS 0008-307
  3  00 11 01.27 -26 12 33.1   0.64 0.07 0.82 0.07  0.69 0.03  0.210 0.006               1.096 Wr83 19.53 Q 4.F.44.C  PKS 0008-264
  4  00 12 59.89 -39 54 26.4   1.61 0.07 2.01 0.12  2.01 0.10  0.494 0.017                          18.33 Q 1.F.11.C  PKS 0010-401        202
  5  00 25 49.18 -26 02 12.7   0.98 0.10 2.73 0.22  4.15 0.21  8.753 0.263               0.322 Ta93 20.30 G 4.S.44.C  PKS 0023-26
  6  00 26 16.40 -35 12 49.4   1.13 0.04 0.36 0.02  0.14 0.01  0.025 0.001   0.014 0.002            22.24 G 1.I.11.C  PMN J0026-3512
  7  00 38 14.72 -24 59 01.9   1.13 0.11 0.95 0.08  0.58 0.03  0.412 0.012               1.196 Ja84 18.90 Q 4.I.44..  PKS 0035-252
  8  00 49 59.48 -57 38 27.6   1.87 0.09 2.14 0.11  2.00 0.10                2.112 0.063 1.797 Pe76 17.49 Q 2.F.22.C  PKS 0047-579        179
  9  00 51 09.50 -42 26 32.5   1.46 0.07                                     0.676 0.020 1.749 Wh88 19.13 Q 1......C  PKS 0048-427
 10* 00 58 46.64 -56 59 11.4   0.84 0.04 0.58 0.03  0.50 0.02                0.485 0.015            17.91 Q 2.I.22.C  PKS 0056-572
 11  01 02 15.07 -80 12 40.1   0.77 0.16 0.64 0.03  0.44 0.02                0.113 0.004            19.73 Q 2.I.22..  PKS 0101-804
 12  01 02 18.65 -75 46 53.0   0.71 0.15 0.55 0.03  0.53 0.03                0.184 0.006 1.017 Wi83 18.44 Q 2.I.22..  PKS 0101-76
 13  01 06 45.11 -40 34 19.5   2.15 0.11                                     0.662 0.020 0.584 Wh88 18.60 Q 1......C  PKS 0104-408        171
 14  01 17 48.81 -21 11 07.4   0.75 0.05 0.76 0.04  0.87 0.04  0.254 0.008                          21.85 Q 4.F.44..  PKS 0115-214
 15  01 18 57.30 -21 41 30.1   0.88 0.06 0.91 0.05  0.88 0.04  0.447 0.013               1.165 Wi83 19.40 Q 4.F.44.C  PKS 0116-219
 16  01 20 31.71 -27 01 24.6   0.62 0.04 0.82 0.04  1.04 0.05  0.934 0.028                     St93 15.89 Q 4.S.44.C  PKS 0118-272
 17  01 24 57.37 -51 13 16.1   0.75 0.04 0.37 0.02  0.23 0.01                0.250 0.008            19.77 Q 2.I.22..  PKS 0122-514
 18  01 32 43.53 -16 54 48.2   1.43 0.09 1.45 0.08  1.59 0.08  0.830 0.025               1.02  Wr83 18.75 Q 4.F.44.C  PKS 0130-17          97
 19* 01 33 05.77 -52 00 03.5   1.20 0.07 1.51 0.08  1.46 0.07                0.366 0.011            18.68 Q 2.F.22.C  PKS 0131-522
 20  01 33 57.6  -36 29 34.9 > 1.86                                                      0.029 RC3  13.73 G 6.....MC  PKS 0131-36
 21  01 34 32.14 -38 43 33.7   0.68 0.03 0.51 0.03  0.44 0.03  0.569 0.017   0.665 0.020 2.14  Io96 17.76 Q 1.I.11.C  PMN J0134-3843
 22  01 37 38.33 -24 30 53.6   1.21 0.08 1.41 0.07  1.56 0.08  1.181 0.041               0.837 Wr83 17.47 Q 4.F.44.C  PKS 0135-247
 23  01 43 10.13 -32 00 55.7   0.52 0.02 0.34 0.02  0.29 0.02  0.076 0.002   0.123 0.004 0.375 2QZ  19.89 Q 1.I.11..  PKS 0140-322
 24  01 45 03.39 -27 33 33.9   0.57 0.04 0.79 0.04  1.00 0.05  0.923 0.028               1.155 Wr83         4.S.44.C  PKS 0142-278
 25  01 53 10.19 -33 10 26.7   0.54 0.02 0.59 0.03  0.81 0.06  1.186 0.036   1.312 0.039 0.612 Wr77 17.75 Q 1.S.11.C  PKS 0150-334
 26  02 04 57.76 -17 01 20.1   1.78 0.12 2.01 0.44  1.25 0.09  1.219 0.037               1.74  Wr83 18.18 Q 4.P.44.C  PKS 0202-17
 27  02 10 46.19 -51 01 01.4   3.29 0.21 2.98 0.15  3.04 0.15                3.493 0.105 0.999 Wi00 17.10 Q 2.F.22.C  PKS 0208-512        158
 28  02 16 48.19 -32 47 40.6   0.54 0.03 0.50 0.03  0.33 0.02  0.165 0.005   0.161 0.005 1.331 Ja02 18.88 Q 1.I.11..  PKS 0214-330
 29  02 22 56.40 -34 41 27.7   1.02 0.05 1.23 0.06  1.23 0.06  0.683 0.021   0.713 0.022 1.49  Dr97 21.39 Q 1.F.11.C  PKS 0220-349        137
 30* 02 29 34.51 -78 47 44.0   0.85 0.18 0.80 0.04  0.73 0.04                0.353 0.011            19.25 Q 2.F.22.C  PKS 0230-790
 31  02 31 11.77 -47 46 12.0   0.77 0.04                                     0.043 0.002            17.87 Q 1.......  PMN J0231-4746
 32  02 36 31.11 -29 53 55.1   0.61 0.04 0.88 0.19  0.54 0.04  0.313 0.009               2.103 2QZ  18.63 Q 4.P.44..  PKS 0234-301
 33* 02 36 53.27 -61 36 15.2   0.51 0.03                                     0.604 0.018 0.466 6dF  18.18 Q 1......C  PKS 0235-618
 34  02 40 08.13 -23 09 15.8   0.90 0.06 2.12 0.46  3.01 0.22  6.256 0.188               2.223 Ar67 16.57 Q 4.S.44.C  PKS 0237-23
 35  02 45 54.07 -44 59 39.5   0.58 0.03 0.59 0.03  0.69 0.03                1.967 0.059 0.280 Ma95 17.65 G 1.F.11..  PKS 0244-452
 36  02 53 29.20 -54 41 51.4   1.93 0.12 1.65 0.08  1.43 0.07                0.964 0.029 0.539 Wi00 17.65 Q 2.F.22.C  PKS 0252-549        155
 37  03 03 50.64 -62 11 25.2   1.28 0.06 2.15 0.11  2.37 0.12                2.513 0.075            19.48 Q 1...44.C  PKS 0302-623        162
 38  03 09 56.12 -60 58 39.0   1.06 0.05 1.18 0.06  1.23 0.06                0.993 0.030            19.00 Q 1...44.C  PKS 0308-611        160
 39  03 11 55.33 -76 51 51.2   1.24 0.08 1.29 0.06  0.92 0.05                0.806 0.024 0.223 Ja78 16.09 Q 4.P.44..  PKS 0312-77         174
 40  03 27 59.97 -22 02 06.3   0.53 0.03 0.68 0.03  0.67 0.03  0.641 0.019               2.22  Wi83 18.99 Q 4.P.44..  PKS 0325-222
 41  03 29 54.10 -23 57 08.7   1.46 0.10 1.64 0.08  1.45 0.07  0.683 0.024               0.895 Ba95 19.68 Q 4.F.44.C  PKS 0327-241        123
 42* 03 34 13.62 -40 08 25.3   1.27 0.06                                     1.042 0.031            17.51 Q 1......C  PKS 0332-403        146
 43  03 36 54.12 -36 16 06.0   0.74 0.04 0.61 0.03  0.50 0.02  0.501 0.015   0.591 0.018 1.541 FCSS 18.40 Q 1.I.11..  PKS 0335-364
 44  03 40 35.65 -21 19 30.8   1.04 0.07 1.29 0.06  1.25 0.06  1.075 0.038               0.223 Sb05 16.04 Q 4.F.44.C  PKS 0338-214
 45  03 48 38.11 -27 49 13.4   1.32 0.09 1.67 0.08  1.45 0.07  0.840 0.025               0.991 Wh88 20.08 Q 4.F.44.C  PKS 0346-27         129
 46  03 48 39.28 -16 10 17.2   0.94 0.06 0.96 0.05  0.87 0.04  0.437 0.013                          18.32 G 4.F.44..  PKS 0346-163
 47  03 49 57.82 -21 02 47.2   0.86 0.06 1.00 0.05  0.79 0.04  0.305 0.009               2.944 El01 20.48 Q 4.P.44..  PKS 0347-211
 48  03 52 11.00 -25 14 50.2   0.52 0.03 0.50 0.02  0.42 0.02  0.269 0.008                          19.58 Q 4.F.44..  PMN J0352-2514
 49  04 03 53.77 -36 05 00.9   4.01 0.20 3.46 0.17  2.27 0.11  1.151 0.034   1.186 0.036 1.417 Pe76 17.04 Q 1.I.11.C  PKS 0402-362        136
 50  04 06 58.98 -38 26 27.5   1.17 0.06 1.53 0.08  1.43 0.07  0.861 0.030   0.697 0.021 1.285 St94 19.55 Q 1.P.11.C  PKS 0405-385        141
 51  04 07 33.92 -33 03 45.3   0.56 0.03 0.66 0.03  0.63 0.03  0.635 0.019               2.562 Dr97 19.33 Q 1.F.11.C  PKS 0405-331
 52  04 08 48.75 -75 07 20.1   0.86 0.14 2.64 0.42  4.74 0.75               20.989 0.630 0.693 Ta93 21.40 G 4.S.44E.  PKS 0410-75
 53  04 16 36.61 -18 51 08.9   0.58 0.05 0.85 0.11  0.56 0.04  1.248 0.044               1.536 Hu78 18.89 Q 4.P.44.C  PKS 0414-189
 54  04 24 42.27 -37 56 21.0   1.69 0.08 1.71 0.09  1.57 0.08  0.476 0.014   0.452 0.014 0.782 Wr77 17.96 Q 1.F.11.C  PKS 0422-380        140
 55  04 28 40.37 -37 56 19.3   1.85 0.09 1.72 0.09  1.66 0.08  0.753 0.027   1.184 0.036 1.110 He04 18.96 Q 1.F.11.C  PKS 0426-380
 56  04 37 01.51 -18 44 48.7   0.52 0.05 1.20 0.16  1.10 0.08  0.714 0.021               2.702 Wr83 19.11 Q 4.P.44.C  PKS 0434-188
 57* 04 37 36.56 -29 54 03.9   0.57 0.03 0.68 0.03  0.69 0.03  1.091 0.038   1.799 0.054 1.328 Wi83         1.F.11..  PKS 0435-300
 58  04 39 00.83 -45 22 22.6   0.70 0.03 0.89 0.04  0.93 0.05                0.978 0.029            20.44 Q 1.F.11.C  PKS 0437-454
 59  04 40 17.17 -43 33 08.4   1.95 0.10 2.96 0.15  3.68 0.18                6.361 0.191 2.863 Mo78 19.31 Q 1.S.11.C  PKS 0438-43         147
 60  04 40 47.80 -69 52 16.6   0.51 0.08 0.29 0.01  0.23 0.01                0.129 0.004            19.33 Q 3.I.33..  PMN J0440-6952
 61* 04 50 05.45 -81 01 02.2   1.27 0.08                                                 0.444 St94 19.31 Q 4......C  PKS 0454-81         175
 62  04 53 14.64 -28 07 37.4   1.79 0.16 3.24 0.42  2.86 0.20  2.541 0.076               2.559 Wi83 18.23 Q 4.P.44.C  PKS 0451-28         131
 63  04 55 50.79 -46 15 58.6   4.16 0.21 3.61 0.18  2.61 0.13                2.753 0.083 0.853 Su04 17.89 Q 1.I.11.C  PKS 0454-46         151
 64  04 57 03.23 -23 24 51.8   3.84 0.34 5.74 0.75  4.10 0.29  1.727 0.052               1.003 St89 18.85 Q 4.P.44.C  PKS 0454-234        128
 65  05 06 43.96 -61 09 41.0   1.74 0.09 1.50 0.08  1.52 0.08                3.102 0.093 1.093 Wr77 17.16 Q 1...42..  PKS 0506-61         154
 66  05 13 49.10 -21 59 17.4   0.94 0.06 1.26 0.06  1.13 0.16  0.647 0.019               1.296 St89 19.95 G 4.P.44.C  PKS 0511-220        127
 67  05 15 45.23 -45 56 43.2   1.54 0.08 1.50 0.07  1.35 0.07                1.471 0.044 0.194 St93 18.18 G 1.F.11..  PKS 0514-459
 68* 05 16 44.98 -62 07 05.1   0.83 0.05 0.70 0.03  0.65 0.03                0.418 0.013            21.20 Q 3...44..  PKS 0516-621
 69  05 19 49.7  -45 46 44.2   8.52 0.11                                                 0.035 RC3  15.94 G 6.....M.  Pictor A            150
 70  05 22 34.40 -61 07 57.0   0.57 0.03 0.61 0.03  0.63 0.03                0.741 0.022 1.400 Wr79 18.46 Q 2.F.22.C  PKS 0522-611
 71  05 22 57.94 -36 27 30.4   3.91 0.59 6.57 1.04  9.07 1.43 11.883 0.356               0.055 Ke85 16.09 G 1.S.11EC  PKS 0521-36         139
 72  05 25 06.48 -23 38 11.1   0.79 0.05 0.89 0.04  0.81 0.11  0.398 0.012                          18.36 Q 4.F.44..  PMN J0525-2338
 73* 05 29 30.02 -72 45 28.2   0.55 0.04 0.58 0.03  0.59 0.03                0.268 0.008            19.61 G 4...22.C  PKS 0530-727
 74  05 36 28.45 -34 01 10.8   0.84 0.04 0.68 0.03  0.66 0.03  0.652 0.020               0.684 Ca00 18.00 Q 1.F.11.C  PKS 0534-340
 75  05 38 50.35 -44 05 08.6   5.30 0.27 4.23 0.21  3.80 0.19                            0.894 Pe76 15.77 Q 1.F.11.C  PKS 0537-441        148
 76  05 39 54.17 -28 39 56.3   0.68 0.04 1.14 0.06  1.28 0.18  0.862 0.026               3.104 Os94 19.70 Q 4.S.44.C  PKS 0537-286
 77* 05 40 45.78 -54 18 21.7   1.13 0.06 0.99 0.05  0.71 0.04                0.387 0.012 1.19  SSO  18.49 G 2.I.22..  PKS 0539-543        152
 78* 05 50 09.55 -57 32 24.5   1.01 0.05 1.03 0.05  0.93 0.05                0.368 0.011            20.26 Q 2.F.22..  PKS 0549-575        153
 79  05 59 11.53 -45 29 40.4   0.61 0.03 0.42 0.02  0.32 0.02                            0.687 Ja02 18.34 Q 1.I.11..  PKS 0557-454
 80  06 00 31.31 -39 37 01.7   0.59 0.03                       0.461 0.014               1.661 Pe98 18.85 Q 1.......  PKS 0558-396
 81  06 04 25.13 -42 25 30.1   0.57 0.03                                                 0.611 Ja02 20.53 Q 1......C  PKS 0602-424
 82  06 08 59.76 -22 20 21.3   1.00 0.07 1.21 0.06  0.99 0.05  0.678 0.024               1.926 Wr79 21.14 Q 4.P.44.C  PKS 0606-223
 83  06 09 41.03 -15 42 41.6   3.98 0.26 4.91 0.24  3.76 0.19  2.742 0.082               0.324 Hu78 18.47 G 4.P.44.C  PKS 0607-15         126
 84  06 20 29.31 -28 27 36.2   0.50 0.03 0.66 0.03  0.60 0.03  0.387 0.012                          22.24 G 4.P.44..  PMN J0620-2827
 85* 06 20 32.10 -25 15 17.9   0.84 0.06 1.12 0.06  1.16 0.06  1.213 0.036                          18.32 Q 4.S.44..  PKS 0618-252
 86  06 23 07.75 -64 36 20.7   1.16 0.06 0.84 0.04  0.68 0.03                0.326 0.013 0.128 Pi98 17.06 G 1...24..  PMN J0623-6436
 87  06 27 06.73 -35 29 16.1   0.69 0.03 0.96 0.05  1.30 0.07  2.372 0.091               0.054 Qu95 14.93 G 1.S.11..  PKS 0625-35
 88  06 29 23.76 -19 59 19.4   1.26 0.08 1.33 0.07  0.98 0.05  0.677 0.020                     Sb06 20.43 Q 4.P.44.C  PKS 0627-199        130
 89  06 31 11.99 -41 54 27.1   0.52 0.03                                     0.662 0.020 1.416 Ja84 18.78 Q 1......C  PKS 0629-418
 90  06 33 26.76 -22 23 22.6   0.67 0.04 0.77 0.04  0.72 0.04  0.358 0.011                          19.56 Q 4.F.44..  PMN J0633-2223      135
 91  06 34 58.99 -23 35 12.6   1.04 0.07 1.26 0.06  1.03 0.05  0.566 0.017                          22.06 Q 4.P.44..  PMN J0634-2335
 92* 06 35 46.33 -75 16 16.9   3.24 0.51 4.82 0.76  5.54 0.87                5.283 0.159 0.653 Hu78 15.96 Q 4.S.44EC  PKS 0637-75         167
 93  06 48 14.18 -30 44 19.3   0.74 0.04 0.71 0.04  0.77 0.04  0.898 0.027               1.153 Ho03 19.53 Q 1.F.11.C  PKS 0646-306
 94  06 48 28.53 -17 44 05.9   1.11 0.07 0.79 0.04  0.63 0.03  1.046 0.031                          20.18 Q 4.IG44..  PMN J0648-1744
 95  06 50 24.60 -16 37 40.0   2.50 0.16 3.57 0.18  3.14 0.16  1.778 0.053                          22.09 Q 4.PG44.C  PKS 0648-16
 96  07 01 34.55 -46 34 36.9   1.07 0.10                                     0.499 0.015 0.822 Ja02 18.82 Q 1.......  PKS 0700-465
 97  07 31 06.67 -23 41 47.8   1.39 0.11 1.84 0.57  1.54 0.36  1.047 0.031                          21.60 Q 4.PG44.C  PMN J0731-2341
 98* 07 41 45.20 -47 09 26.7   0.58 0.05 0.58 0.05  0.61 0.04                0.396 0.012 0.77  SSO  19.57 Q 1.F.11..  PMN J0741-4709
 99  07 43 20.60 -56 19 34.2   0.61 0.04 0.64 0.03  0.64 0.03                0.662 0.020            19.38 Q 2.F.22.C  PMN J0743-5619
100  07 43 31.60 -67 26 25.8   1.22 0.19 1.87 0.30  2.34 0.37                5.638 0.169 1.510 Al94 16.71 Q 1...24E.  PKS 0743-67         161
101  07 47 19.72 -33 10 46.6   0.95 0.09                       0.726 0.022                                  1..G...C  PKS 0745-330
102  07 48 03.09 -16 39 50.3   0.77 0.06 1.32 0.41  1.29 0.30  0.802 0.024                                  4.PG44.C  PMN J0748-1639
103  07 56 50.65 -15 42 04.7   0.73 0.06 1.08 0.33  1.16 0.27  0.834 0.025                          18.92 Q 4.SG44..  PMN J0756-1541
104  08 04 51.44 -27 49 11.7   0.90 0.06 1.01 0.05  0.71 0.04  0.847 0.030                          20.34 G 4.PG44.C  PKS 0802-276
105  08 11 08.85 -49 29 43.6   0.61 0.03 0.73 0.04  0.68 0.03                1.005 0.030            21.57 Q 1.FG11..  PKS 0809-492
106  08 16 40.41 -24 21 05.8   0.59 0.04 0.54 0.03  0.40 0.02  0.191 0.006                          20.79 Q 4.IG44..  PMN J0816-2421      145
107  08 25 26.88 -50 10 39.0   0.57 0.04 1.68 0.08  3.22 0.16                3.735 0.112            20.94 G 2.SG22.C  PKS 0823-500
108  08 26 01.60 -22 30 27.1   0.91 0.07 1.03 0.05  0.95 0.05  0.519 0.016                          16.11 Q 4.FG44.C  PKS 0823-223
109* 08 35 29.08 -59 53 11.5   0.55 0.04 0.28 0.01  0.16 0.01                0.025 0.001                    2.I.22..  PMN J0835-5953
110  08 36 39.21 -20 16 58.9   2.68 0.19 3.79 0.19  3.92 0.20  1.971 0.059               2.752 Fr83 19.45 Q 4.S.44.C  PKS 0834-20         144
111  08 37 00.39 -34 09 12.9   0.76 0.04 0.61 0.03  0.57 0.03  0.259 0.008                                  1.FG11..  PKS 0835-339
112  08 45 02.47 -54 58 08.8   0.92 0.07 0.98 0.05  0.82 0.04                0.835 0.025            19.89 Q 2.PG22.C  PMN J0845-5458
113  08 49 45.66 -35 41 01.7   0.56 0.03 0.49 0.02  0.52 0.03  0.375 0.013                          20.54 Q 1.FG11..  PMN J0849-3541
114  08 58 05.38 -19 50 35.5   0.72 0.05 0.68 0.03  0.70 0.04  1.226 0.037               0.659 Wh88 18.38 Q 4.F.44..  PKS 0855-19
115  09 00 40.02 -28 08 22.8   0.82 0.09 1.40 0.07  2.06 0.13  1.474 0.044               2.152 St93 14.74 Q 4.S.44.C  PKS 0858-279
116  09 04 53.33 -57 35 04.4   1.44 0.07 1.38 0.07  1.82 0.09                                       16.46 Q 2.UG22..  PKS 0903-57
117  09 06 51.25 -20 19 57.2   0.58 0.07 0.70 0.03  0.70 0.04  0.606 0.018                          18.73 Q 4.F.44..  PMN J0906-2019
118  09 19 44.06 -53 40 05.1   0.94 0.15 1.69 0.27  2.50 0.39                                       19.00 Q 2.SG22E.  PMN J0919-5340
119  09 20 43.25 -29 56 30.6   0.61 0.07 0.57 0.03  0.51 0.03  0.366 0.012                          18.36 G 4.F.44..  PMN J0920-2956
120  09 21 29.41 -26 18 44.2   2.02 0.23 2.98 0.15  3.19 0.20  1.290 0.039               2.30  Wr79 18.46 Q 4.S.44.C  PKS 0919-260
121  09 22 46.44 -39 59 35.1   1.31 0.06                       2.615 0.092                          18.12 Q 1..G...C  PKS 0920-39
122  09 27 51.90 -20 34 50.4   0.86 0.10 0.72 0.04  0.45 0.03  0.842 0.028               0.348 Pe79 16.59 Q 4.I.44.C  PKS 0925-203
123  09 58 02.93 -57 57 42.7   0.52 0.03 0.29 0.01  0.45 0.03                                               2.UG22..  PMN J0958-5757
124  10 01 59.89 -44 38 00.2   0.81 0.04 0.91 0.05  0.66 0.03                1.795 0.054            14.11 Q 1.PG11.C  PKS 0959-443
125  10 06 13.90 -50 18 13.7   1.18 0.06 1.05 0.06  0.92 0.05                                       20.78 Q 2.FG22.C  PMN J1006-5018
126  10 07 31.36 -33 33 06.6   0.65 0.03                       0.390 0.012               1.837 Ja02 20.18 G 1.......  PKS 1005-333
127  10 14 50.33 -45 08 41.2   0.54 0.02                                     0.711 0.021            22.05 Q 1..G...C  PMN J1014-4508
128  10 18 28.76 -31 23 53.3   0.56 0.03 0.67 0.03  0.70 0.03  0.379 0.011               0.794 Dr97 18.71 Q 1.F.11.C  PKS 1016-311
129  10 23 43.47 -66 46 47.8   0.55 0.03 0.65 0.04  0.75 0.04                1.287 0.039            18.82 Q 2.FG22.C  PMN J1023-6646
130  10 35 02.15 -20 11 34.4   1.19 0.08 1.86 0.23  1.81 0.13  0.915 0.027               2.198 Wr79 18.10 Q 4.P.44.C  PKS 1032-199
131  10 36 53.43 -37 44 15.2   0.81 0.04 0.60 0.03  0.37 0.02  0.328 0.011   0.326 0.013 1.821 Ja84 18.89 Q 1.I.11..  PKS 1034-374
132  10 37 16.01 -29 34 02.8   2.68 0.18 2.51 0.31  2.01 0.15  1.113 0.033               0.312 St89 16.46 Q 4.I.44.C  PKS 1034-293
133  10 38 40.56 -53 11 42.9   1.68 0.08 1.52 0.09  1.43 0.07                                       19.41 Q 2.FG22.C  PMN J1038-5311
134  10 41 44.61 -47 39 60.0   1.26 0.06 1.30 0.06  1.44 0.07                2.387 0.072            18.25 Q 1.FG11.C  PMN J1041-4740      163
135  10 47 42.94 -62 17 14.2   2.29 0.11 2.05 0.12  1.32 0.07                                       19.99 Q 2.IG22.C  PMN J1047-6217
136  10 48 06.58 -19 09 35.3   1.24 0.08 1.52 0.19  1.36 0.10  1.155 0.035               0.595 St93 18.59 Q 4.F.44.C  PKS 1045-18
137  10 51 09.14 -53 44 46.2   0.77 0.04 1.06 0.06  1.31 0.07                                       21.08 G 2.SG22.C  PMN J1051-5344
138* 10 58 43.02 -80 03 53.7   2.77 0.14                                     0.546 0.016 0.582 ESO  19.08 Q 5......C  PKS 1057-79         176
139  11 01 54.42 -63 25 22.6   0.80 0.07 0.86 0.05  0.82 0.04                                       20.20 Q 3.FG33.C  PMN J1101-6325
140* 11 02 04.87 -44 04 22.6   0.77 0.04                                     0.113 0.004 0.77  SSO  20.13 Q 1.......  PKS 1059-438
141  11 03 52.17 -53 57 00.8   0.54 0.03 0.65 0.03  0.69 0.03                1.222 0.037            18.30 Q 2.FG22.C  PKS 1101-536
142  11 04 46.06 -24 31 27.5   0.52 0.03 0.88 0.06  0.85 0.05  0.586 0.018               1.666 Dr97 20.05 Q 4.P.44..  PKS B1102-242
143  11 07 08.73 -44 49 07.8   1.67 0.07                                     2.595 0.078 1.598 Pe79 17.84 Q 1......C  PKS 1104-445        166
144  11 07 12.85 -68 20 50.6   0.82 0.07 1.23 0.07  1.33 0.07                0.418 0.013            18.47 Q 3.SG33.C  PKS 1105-680
145  11 12 07.16 -57 03 39.6   0.74 0.04 0.97 0.05  0.94 0.05                                       20.08 Q 2.PG22.C  PMN J1112-5703
146  11 18 27.08 -46 34 15.3   0.96 0.05 0.94 0.05  1.10 0.06                            0.713 Ja84 17.54 Q 1.F.11.C  PKS 1116-46
147  11 20 16.08 -27 19 08.1   0.54 0.03 0.86 0.06  0.79 0.04  0.474 0.014               1.881 Ja02 19.33 Q 4.P.44..  PKS 1117-270
148  11 27 04.36 -18 57 19.0   1.42 0.09 1.67 0.11  1.32 0.07  0.536 0.016               1.050 Dr97 19.17 Q 4.P.44.C  PKS 1124-186        159
149  11 31 43.48 -58 18 53.4   1.11 0.05 1.40 0.07  1.10 0.05                                       19.06 Q 2.PG22.C  PMN J1131-5818
150  11 36 02.21 -68 27 05.4   0.57 0.05 0.77 0.04  0.82 0.04                                               3.SG33.C  PKS 1133-681
151* 11 45 53.58 -69 54 04.1   0.86 0.04 0.79 0.04  0.58 0.03                0.271 0.008            16.90 Q 2.IG22..  PKS 1143-696
152  11 46 08.28 -24 47 34.1   0.71 0.05 1.54 0.10  1.80 0.10  1.434 0.043               1.940 Dr97 17.97 Q 4.S.44.C  PKS 1143-245
153  11 47 01.46 -38 12 10.7   1.38 0.07 1.11 0.06  1.06 0.05  1.804 0.054   0.823 0.025 1.048 St89 19.03 Q 1.F.11.C  PKS 1144-379        169
154  11 47 33.36 -67 53 41.5   1.89 0.09 1.49 0.07  1.37 0.07                                       19.66 Q 2.FG22.C  PKS 1145-676
155  11 52 53.67 -83 44 10.7   0.52 0.02 0.52 0.03  0.40 0.02                0.148 0.004                    3.P.33.C  PKS 1150-834
156  11 54 21.79 -35 05 29.2   0.89 0.04 1.91 0.10  3.06 0.15  6.196 0.186               0.258 Ta93 18.81 G 1.S.11.C  PKS 1151-34
157  12 05 33.37 -26 34 04.9   0.84 0.14 1.18 0.21  1.12 0.18  1.654 0.058               0.789 Wr79 19.81 Q 4.P.44EC  PKS 1203-26
158  12 09 02.64 -24 06 19.8   1.15 0.18 1.34 0.29  1.12 0.06  0.561 0.017               1.299 Ja02 19.31 Q 4.P.44.C  PKS B1206-238       172
159  12 09 14.90 -20 32 38.8   0.71 0.12 1.18 0.25  0.83 0.04  0.354 0.011               0.404 Ja02 21.68 Q 4.P.44..  PKS B1206-202
160* 12 15 46.88 -17 31 45.3   1.60 0.26 1.94 0.42  1.76 0.09  1.662 0.050                                  4.F.44.C  PKS 1213-17         173
